Detail Kolom : 'capital-gains':
capital-gains
0         508
46300       5
51500       4
68500       4
55600       3
49700       3
51700       3
56700       3
47600       3
44000       3
36900       3
49900       3
75800       3
37900       3
45700       3
59600       3
38600       3
51400       3
51100       3
45500       3
35100       3
48900       3
67800       3
52800       3
42900       3
29300       3
63600       3
63100       3
52600       3
46700       3
58500       3
43700       3
53200       3
57800       2
53100       2
47400       2
55400       2
26900       2
53300       2
65600       2
52100       2
44400       2
47500       2
46100       2
60300       2
39900       2
53000       2
35000       2
32500       2
24000       2
62200       2
59900       2
66400       2
25000       2
64200       2
30400       2
57100       2
61600       2
50400       2
55100       2
53800       2
33500       2
50700       2
55300       2
52200       2
42200       2
49600       2
54500       2
38000       2
46500       2
44500       2
57500       2
42800       2
70300       2
54600       2
39300       2
44900       2
63900       2
61400       2
64800       2
69400       2
51300       2
51000       2
47900       2
46400       2
67400       2
35400       2
25800       2
46800       2
55200       2
36100       2
45300       2
57900       2
40700       2
47200       2
34400       2
52700       2
37800       2
35700       2
62400       2
35300       2
58600       2
36400       2
48500       2
65700       2
59400       2
53500       2
55700       2
41300       2
38400       2
66000       2
73700       2
69500       2
54100       2
70900       2
61100       2
71400       2
39600       2
58100       2
62500       2
61900       1
100500      1
54400       1
40900       1
73200       1
80900       1
53400       1
64600       1
60100       1
42600       1
27600       1
26700       1
52500       1
21500       1
14100       1
32800       1
30800       1
54700       1
42300       1
12800       1
73500       1
28900       1
78000       1
58200       1
50000       1
34900       1
37700       1
40100       1
36600       1
71300       1
59300       1
46000       1
45600       1
66300       1
43600       1
42700       1
44200       1
43100       1
45800       1
79900       1
66900       1
20200       1
50800       1
77500       1
82100       1
37500       1
82600       1
66100       1
83900       1
38700       1
72600       1
65100       1
21100       1
21200       1
52900       1
70600       1
56800       1
61200       1
35200       1
26500       1
40000       1
67600       1
48000       1
67200       1
49100       1
60200       1
35900       1
78800       1
59800       1
49500       1
66200       1
67100       1
83600       1
58900       1
72100       1
67300       1
48200       1
69900       1
49000       1
38500       1
17300       1
51900       1
28600       1
31400       1
10000       1
36800       1
33200       1
30100       1
79600       1
16100       1
11000       1
37100       1
42100       1
57700       1
38200       1
34200       1
65400       1
43200       1
59500       1
64000       1
34700       1
88800       1
65300       1
84900       1
68900       1
76000       1
13100       1
31900       1
17600       1
52000       1
29000       1
47700       1
38100       1
75400       1
53900       1
42400       1
27000       1
72200       1
29600       1
62700       1
45100       1
25500       1
24800       1
47800       1
24400       1
40600       1
33300       1
54000       1
60000       1
70500       1
68400       1
56200       1
57000       1
72700       1
31000       1
27500       1
81100       1
88400       1
71500       1
56600       1
94800       1
69100       1
43400       1
43300       1
78300       1
58000       1
57300       1
800         1
90700       1
67700       1
61500       1
37300       1
50500       1
34300       1
28800       1
62000       1
41200       1
44300       1
25900       1
41500       1
71200       1
31500       1
67900       1
77900       1
23600       1
12100       1
33000       1
64400       1
34500       1
60400       1
45000       1
74200       1
43000       1
87800       1
72400       1
91900       1
58300       1
41400       1
23300       1
98800       1
65000       1
45400       1
27700       1
49300       1
48100       1
30000       1
52300       1
22700       1
83200       1
82200       1
56900       1
54800       1
62800       1
37600       1
68700       1
27100       1
20000       1
34000       1
82400       1
81300       1
39000       1
43900       1
39400       1
51600       1
67000       1
38900       1
68600       1
56400       1
60700       1
30700       1
73000       1
59000       1
81800       1
36700       1
54900       1
69200       1
48800       1
50300       1

Detail Kolom : 'capital-loss':
capital-loss
 0         475
-31700       5
-53700       5
-50300       5
-45300       4
-51000       4
-32800       4
-53800       4
-49200       4
-31400       4
-61400       4
-42700       3
-78600       3
-62400       3
-41200       3
-50000       3
-51800       3
-33300       3
-56200       3
-66200       3
-49400       3
-53300       3
-44500       3
-61000       3
-46900       3
-41400       3
-67800       3
-45100       3
-58900       3
-51500       3
-58400       3
-68200       3
-49500       3
-49000       3
-45800       3
-67400       3
-49300       3
-39300       3
-48800       3
-64500       3
-55600       3
-40900       2
-59500       2
-44800       2
-39100       2
-44400       2
-15700       2
-54600       2
-32300       2
-33100       2
-52100       2
-63900       2
-47100       2
-52600       2
-63700       2
-72100       2
-70300       2
-32500       2
-49700       2
-70900       2
-72500       2
-39700       2
-35200       2
-48700       2
-42100       2
-48500       2
-65300       2
-30400       2
-60600       2
-55800       2
-43600       2
-51200       2
-54700       2
-49900       2
-56900       2
-43700       2
-57500       2
-28800       2
-43800       2
-57600       2
-44000       2
-36600       2
-62500       2
-54100       2
-37900       2
-55300       2
-54300       2
-42600       2
-73400       2
-61500       2
-36700       2
-66300       2
-56400       2
-51100       2
-44200       2
-32100       2
-54000       2
-60200       2
-44600       2
-46000       2
-30200       2
-42900       2
-57100       2
-57000       2
-77000       2
-40600       2
-64000       2
-65600       2
-45000       2
-20800       2
-28700       2
-57700       2
-24300       2
-58100       2
-46500       2
-71700       2
-56800       2
-51300       2
-55000       2
-22300       2
-60300       1
-47200       1
-66500       1
-60400       1
-46400       1
-48000       1
-36300       1
-47900       1
-53100       1
-36000       1
-58700       1
-50600       1
-29200       1
-35900       1
-40400       1
-70400       1
-55900       1
-93600       1
-39200       1
-45700       1
-71500       1
-40200       1
-38500       1
-26400       1
-59700       1
-90100       1
-65200       1
-32600       1
-74200       1
-37000       1
-48400       1
-40300       1
-78300       1
-74400       1
-77800       1
-71200       1
-28300       1
-74800       1
-55100       1
-24100       1
-64900       1
-33800       1
-42000       1
-43300       1
-55700       1
-39800       1
-18600       1
-38700       1
-31000       1
-60000       1
-51400       1
-72000       1
-50500       1
-43400       1
-20900       1
-30900       1
-52500       1
-67000       1
-68800       1
-43500       1
-65500       1
-15900       1
-61200       1
-59800       1
-43900       1
-30700       1
-66100       1
-87300       1
-48600       1
-89400       1
-70100       1
-36400       1
-77700       1
-5700        1
-49600       1
-55400       1
-65800       1
-80800       1
-21500       1
-32200       1
-61100       1
-61600       1
-40800       1
-27700       1
-53500       1
-62700       1
-40000       1
-29100       1
-79600       1
-60800       1
-62100       1
-59400       1
-52300       1
-34800       1
-36800       1
-41700       1
-81100       1
-111100      1
-63500       1
-69600       1
-58300       1
-34700       1
-27300       1
-40700       1
-37800       1
-31900       1
-53200       1
-55500       1
-71400       1
-79400       1
-54400       1
-75000       1
-75100       1
-32900       1
-47700       1
-54900       1
-43200       1
-77500       1
-48300       1
-20400       1
-82700       1
-45200       1
-77600       1
-22200       1
-38600       1
-39500       1
-54800       1
-73900       1
-46800       1
-65400       1
-47300       1
-27900       1
-73600       1
-53600       1
-56600       1
-64300       1
-69700       1
-74300       1
-36200       1
-41500       1
-83200       1
-13200       1
-63100       1
-57900       1
-38200       1
-27600       1
-74500       1
-90200       1
-13800       1
-34400       1
-30300       1
-58600       1
-60500       1
-37100       1
-41300       1
-68700       1
-88300       1
-24400       1
-10600       1
-59900       1
-37600       1
-24700       1
-26900       1
-59300       1
-70200       1
-59100       1
-33600       1
-82400       1
-66900       1
-19800       1
-75700       1
-63400       1
-83900       1
-41000       1
-38800       1
-60700       1
-90600       1
-91200       1
-41100       1
-37500       1
-68100       1
-52900       1
-46200       1
-42400       1
-42500       1
-33000       1
-51600       1
-58500       1
-71900       1
-39400       1
-35500       1
-72400       1
-6300        1
-53000       1
-34600       1
-67900       1
-36500       1
-19500       1
-42800       1
-66800       1
-65700       1
-81000       1
-39600       1
-76000       1
-68900       1
-22400       1
-56100       1
-85900       1
-79800       1
-47500       1
-42300       1
-41600       1
-72300       1
-47400       1
-36900       1
-64700       1
-64100       1
-50400       1
-29900       1
-91400       1
-51900       1
-38400       1
-66000       1
-45500       1
-15600       1
-71000       1
-67300       1
-80600       1
-8500        1
-12100       1
-17000       1
-72900       1
-19700       1
-82100       1

Detail Kolom : 'incident_hour_of_the_day':
incident_hour_of_the_day
17    54
3     53
0     52
23    51
16    49
13    46
10    46
4     46
6     44
9     43
14    43
21    42
18    41
12    40
19    40
7     40
15    39
22    38
8     36
20    34
5     33
2     31
11    30
1     29

Detail Kolom : 'number_of_vehicles_involved':
number_of_vehicles_involved
1    581
3    358
4     31
2     30

Detail Kolom : 'witnesses':
witnesses
1    258
2    250
0    249
3    243

Detail Kolom : 'total_claim_amount':
total_claim_amount
59400     5
2640      4
70400     4
4320      4
44200     4
75400     4
60600     4
3190      4
58500     4
70290     4
5940      4
53680     3
56160     3
57700     3
55200     3
52800     3
53100     3
5060      3
5900      3
79800     3
84590     3
62920     3
69480     3
53460     3
55000     3
4700      3
4950      3
64350     3
58300     3
4620      3
6600      3
64800     3
50800     3
74200     3
53280     3
6400      3
69300     3
46200     3
77880     3
5000      3
6820      3
64080     3
7080      3
53400     3
64100     3
61490     3
77440     3
74700     3
67320     2
4900      2
46800     2
48000     2
66200     2
30700     2
64200     2
56320     2
76120     2
74360     2
62590     2
5170      2
52030     2
54240     2
59670     2
53600     2
64000     2
47300     2
5590      2
45100     2
61380     2
63240     2
61740     2
61050     2
5500      2
67800     2
6160      2
6120      2
48950     2
3600      2
82170     2
86130     2
66550     2
64400     2
6890      2
41490     2
5830      2
3080      2
63600     2
55400     2
70900     2
51390     2
79560     2
33480     2
66780     2
84500     2
4200      2
52700     2
60480     2
77100     2
3300      2
65780     2
63250     2
66660     2
7200      2
6050      2
42700     2
65520     2
60500     2
68760     2
57900     2
54400     2
52200     2
68200     2
60190     2
7480      2
57060     2
63900     2
59040     2
57860     2
50380     2
6300      2
3200      2
48360     2
3900      2
61500     2
71610     2
59070     2
79500     2
60170     2
74140     2
54340     2
5600      2
5400      2
6930      2
57200     2
42500     2
63300     2
66950     2
60750     2
4300      2
57330     2
60940     2
97080     2
50000     2
6490      2
2700      2
62900     2
4290      2
77110     2
60200     2
56000     2
49400     2
68750     2
4680      2
69400     2
63580     2
44280     2
3960      2
7260      2
34650     2
6500      2
55440     2
78650     2
76560     2
79090     2
83160     2
76400     2
47700     2
56430     2
46980     2
81070     2
62800     2
72930     2
77000     2
63120     2
3840      2
51210     2
42900     2
61400     1
95000     1
91080     1
68300     1
52400     1
10790     1
48070     1
79080     1
80960     1
77700     1
69930     1
51090     1
90240     1
88110     1
95900     1
40260     1
53730     1
35750     1
32480     1
42840     1
57970     1
87960     1
47800     1
32320     1
65440     1
66240     1
75570     1
62880     1
63100     1
47740     1
58960     1
41690     1
2160      1
59500     1
78870     1
43600     1
60210     1
75960     1
57100     1
7370      1
51030     1
56610     1
44240     1
8700      1
57500     1
71640     1
108030    1
4400      1
54300     1
43700     1
32280     1
61920     1
54450     1
84600     1
69700     1
79970     1
74030     1
64260     1
65100     1
36400     1
63030     1
37520     1
4590      1
5100      1
6030      1
67770     1
68090     1
85020     1
47400     1
71100     1
54890     1
61560     1
51920     1
88220     1
62260     1
43280     1
39690     1
89650     1
75460     1
69000     1
41520     1
8640      1
5490      1
2860      1
67210     1
54360     1
53800     1
86400     1
77770     1
87890     1
72840     1
85250     1
41700     1
78980     1
77330     1
40700     1
47080     1
5160      1
45270     1
40600     1
24570     1
84100     1
72400     1
40800     1
63470     1
61320     1
52250     1
53900     1
8970      1
6000      1
64680     1
59200     1
40500     1
60000     1
75690     1
64300     1
65430     1
42680     1
87780     1
72800     1
71190     1
62640     1
69630     1
79680     1
34160     1
44220     1
85690     1
94930     1
83490     1
49410     1
58850     1
82400     1
47430     1
59300     1
66900     1
40810     1
52650     1
42240     1
59490     1
7700      1
61440     1
58560     1
67300     1
36740     1
76010     1
75790     1
44440     1
80080     1
90400     1
54200     1
51800     1
49100     1
98280     1
54560     1
61100     1
51900     1
3440      1
76900     1
60320     1
60700     1
34290     1
36700     1
6480      1
87200     1
108480    1
4800      1
7590      1
32670     1
45180     1
3870      1
91520     1
74690     1
55260     1
51400     1
48780     1
52380     1
71800     1
68240     1
46860     1
78500     1
70830     1
68040     1
43560     1
60840     1
68160     1
89520     1
5700      1
90860     1
68580     1
1920      1
78320     1
105040    1
50700     1
51840     1
9100      1
67600     1
6560      1
81240     1
29300     1
76450     1
90530     1
8030      1
38640     1
87900     1
82060     1
52290     1
65560     1
50300     1
36960     1
39800     1
7110      1
77200     1
57000     1
55110     1
74400     1
35300     1
41580     1
79320     1
82610     1
78600     1
70200     1
66480     1
49900     1
74880     1
105820    1
7150      1
55800     1
85900     1
45000     1
61800     1
64570     1
70500     1
73800     1
78200     1
3520      1
72900     1
70700     1
74800     1
4100      1
57310     1
84920     1
69080     1
4560      1
9000      1
85320     1
51370     1
51600     1
48870     1
54960     1
73260     1
34800     1
56600     1
69360     1
37800     1
31680     1
100       1
56340     1
69740     1
80880     1
49390     1
3740      1
92730     1
35860     1
50050     1
28440     1
45540     1
38700     1
57240     1
44400     1
58800     1
66880     1
80100     1
79600     1
99990     1
71280     1
6700      1
51740     1
44910     1
48100     1
6100      1
77040     1
86060     1
85150     1
51100     1
100800    1
90970     1
81840     1
54900     1
88660     1
107900    1
76050     1
51000     1
99320     1
69200     1
3690      1
65500     1
73560     1
8190      1
70800     1
45630     1
71680     1
6200      1
112320    1
82720     1
48060     1
63570     1
37280     1
72100     1
78240     1
18000     1
73920     1
101860    1
79750     1
49060     1
73500     1
88920     1
47630     1
79530     1
33550     1
69100     1
41130     1
5390      1
71060     1
38830     1
53500     1
73700     1
65400     1
58140     1
98670     1
28100     1
81360     1
34320     1
8800      1
50490     1
55500     1
7040      1
40160     1
55680     1
5300      1
5200      1
2520      1
5760      1
76700     1
5920      1
19080     1
59800     1
72000     1
65070     1
78120     1
84720     1
53640     1
56400     1
67140     1
29790     1
5330      1
62300     1
40000     1
51660     1
51120     1
55120     1
91650     1
7290      1
76600     1
81800     1
70510     1
78900     1
2400      1
65790     1
75600     1
69840     1
44730     1
7280      1
63400     1
51590     1
27700     1
42300     1
87010     1
114920    1
56520     1
52110     1
5720      1
60400     1
47160     1
37840     1
71520     1
98160     1
71500     1
9020      1
56300     1
68520     1
59130     1
57720     1
64890     1
79300     1
28800     1
2970      1
93480     1
70590     1
70000     1
51260     1
82320     1
90000     1
72820     1
77130     1
42000     1
36300     1
40320     1
63840     1
93720     1
70680     1
98340     1
45120     1
89700     1
33930     1
68530     1
68310     1
61290     1
30100     1
57120     1
42930     1
89400     1
59730     1
8060      1
72200     1
7500      1
68400     1
64240     1
80850     1
50500     1
74160     1
91260     1
94560     1
7800      1
61270     1
71440     1
55600     1
95810     1
81120     1
5070      1
43230     1
58200     1
60570     1
69680     1
55700     1
62370     1
55170     1
59940     1
5850      1
24200     1
49950     1
51700     1
49140     1
66840     1
62460     1
62810     1
54160     1
48400     1
51480     1
5220      1
53020     1
73320     1
74900     1
76920     1
77990     1
44880     1
82830     1
84480     1
73400     1
41850     1
81960     1
54120     1
63800     1
58160     1
104610    1
69850     1
81500     1
48290     1
2250      1
80280     1
3770      1
39720     1
73370     1
86790     1
49800     1
53820     1
53370     1
61600     1
55900     1
90480     1
64620     1
53190     1
7400      1
54810     1
76890     1
56070     1
48730     1
95150     1
103560    1
76230     1
59520     1
47760     1
61650     1
81400     1
58410     1
38610     1
57600     1
100210    1
53040     1
57690     1
65800     1
101010    1
72120     1
63720     1
7680      1
93730     1
87300     1
5670      1
36720     1
94160     1
59100     1
45700     1
80740     1
31350     1
35000     1
68000     1
75500     1
51570     1
8760      1
45500     1
85300     1
47790     1
3850      1
59000     1
70600     1
57640     1
78300     1
68970     1
71760     1
63910     1
59700     1
64920     1
37530     1
60390     1
46560     1
4730      1
59900     1
90600     1
64320     1
31700     1
4500      1
35900     1
78000     1
67200     1
65040     1
82800     1
61700     1
78100     1
5580      1
74280     1
2800      1
54000     1
77800     1
52560     1
44110     1
62280     1
26730     1
64900     1
67650     1
39480     1
70920     1
80520     1
32800     1
44190     1
50400     1
88400     1
51810     1
55660     1
44640     1
77660     1
5640      1
53440     1
65250     1
87100     1
6240      1
66600     1
67500     1

Detail Kolom : 'fraud_reported':
fraud_reported
0    753
1    247

Detail Kolom : 'insured_sex_FEMALE':
insured_sex_FEMALE
1    537
0    463

Detail Kolom : 'insured_sex_MALE':
insured_sex_MALE
0    537
1    463

Detail Kolom : 'insured_occupation_adm-clerical':
insured_occupation_adm-clerical
0    935
1     65

Detail Kolom : 'insured_occupation_armed-forces':
insured_occupation_armed-forces
0    931
1     69

Detail Kolom : 'insured_occupation_craft-repair':
insured_occupation_craft-repair
0    926
1     74

Detail Kolom : 'insured_occupation_exec-managerial':
insured_occupation_exec-managerial
0    924
1     76

Detail Kolom : 'insured_occupation_farming-fishing':
insured_occupation_farming-fishing
0    947
1     53

Detail Kolom : 'insured_occupation_handlers-cleaners':
insured_occupation_handlers-cleaners
0    946
1     54

Detail Kolom : 'insured_occupation_machine-op-inspct':
insured_occupation_machine-op-inspct
0    907
1     93

Detail Kolom : 'insured_occupation_other-service':
insured_occupation_other-service
0    929
1     71

Detail Kolom : 'insured_occupation_priv-house-serv':
insured_occupation_priv-house-serv
0    929
1     71

Detail Kolom : 'insured_occupation_prof-specialty':
insured_occupation_prof-specialty
0    915
1     85

Detail Kolom : 'insured_occupation_protective-serv':
insured_occupation_protective-serv
0    937
1     63

Detail Kolom : 'insured_occupation_sales':
insured_occupation_sales
0    924
1     76

Detail Kolom : 'insured_occupation_tech-support':
insured_occupation_tech-support
0    922
1     78

Detail Kolom : 'insured_occupation_transport-moving':
insured_occupation_transport-moving
0    928
1     72

Detail Kolom : 'insured_hobbies_chess':
insured_hobbies_chess
0    954
1     46

Detail Kolom : 'insured_hobbies_cross-fit':
insured_hobbies_cross-fit
0    965
1     35

Detail Kolom : 'insured_hobbies_other':
insured_hobbies_other
1    919
0     81

Detail Kolom : 'incident_type_Multi-vehicle Collision':
incident_type_Multi-vehicle Collision
0    581
1    419

Detail Kolom : 'incident_type_Parked Car':
incident_type_Parked Car
0    916
1     84

Detail Kolom : 'incident_type_Single Vehicle Collision':
incident_type_Single Vehicle Collision
0    597
1    403

Detail Kolom : 'incident_type_Vehicle Theft':
incident_type_Vehicle Theft
0    906
1     94

Detail Kolom : 'collision_type_other':
collision_type_other
0    822
1    178

Detail Kolom : 'collision_type_Front Collision':
collision_type_Front Collision
0    746
1    254

Detail Kolom : 'collision_type_Rear Collision':
collision_type_Rear Collision
0    708
1    292

Detail Kolom : 'collision_type_Side Collision':
collision_type_Side Collision
0    724
1    276

Detail Kolom : 'incident_severity_Major Damage':
incident_severity_Major Damage
0    724
1    276

Detail Kolom : 'incident_severity_Minor Damage':
incident_severity_Minor Damage
0    646
1    354

Detail Kolom : 'incident_severity_Total Loss':
incident_severity_Total Loss
0    720
1    280

Detail Kolom : 'incident_severity_Trivial Damage':
incident_severity_Trivial Damage
0    910
1     90

Detail Kolom : 'authorities_contacted_Ambulance':
authorities_contacted_Ambulance
0    804
1    196

Detail Kolom : 'authorities_contacted_Fire':
authorities_contacted_Fire
0    777
1    223

Detail Kolom : 'authorities_contacted_None':
authorities_contacted_None
0    909
1     91

Detail Kolom : 'authorities_contacted_Other':
authorities_contacted_Other
0    802
1    198

Detail Kolom : 'authorities_contacted_Police':
authorities_contacted_Police
0    708
1    292

Detail Kolom : 'age_group_15-20':
age_group_15-20
0    998
1      2

Detail Kolom : 'age_group_21-25':
age_group_21-25
0    962
1     38

Detail Kolom : 'age_group_26-30':
age_group_26-30
0    843
1    157

Detail Kolom : 'age_group_31-35':
age_group_31-35
0    805
1    195

Detail Kolom : 'age_group_36-40':
age_group_36-40
0    799
1    201

Detail Kolom : 'age_group_41-45':
age_group_41-45
0    816
1    184

Detail Kolom : 'age_group_46-50':
age_group_46-50
0    891
1    109

Detail Kolom : 'age_group_51-55':
age_group_51-55
0    950
1     50

Detail Kolom : 'age_group_56-60':
age_group_56-60
0    954
1     46

Detail Kolom : 'age_group_61-65':
age_group_61-65
0    982
1     18

Detail Kolom : 'months_as_customer_groups_0-50':
months_as_customer_groups_0-50
0    912
1     88

Detail Kolom : 'months_as_customer_groups_101-150':
months_as_customer_groups_101-150
0    847
1    153

Detail Kolom : 'months_as_customer_groups_151-200':
months_as_customer_groups_151-200
0    870
1    130

Detail Kolom : 'months_as_customer_groups_201-250':
months_as_customer_groups_201-250
0    852
1    148

Detail Kolom : 'months_as_customer_groups_251-300':
months_as_customer_groups_251-300
0    833
1    167

Detail Kolom : 'months_as_customer_groups_301-350':
months_as_customer_groups_301-350
0    920
1     80

Detail Kolom : 'months_as_customer_groups_351-400':
months_as_customer_groups_351-400
0    957
1     43

Detail Kolom : 'months_as_customer_groups_401-450':
months_as_customer_groups_401-450
0    958
1     42

Detail Kolom : 'months_as_customer_groups_451-500':
months_as_customer_groups_451-500
0    953
1     47

Detail Kolom : 'months_as_customer_groups_51-100':
months_as_customer_groups_51-100
0    898
1    102

Detail Kolom : 'policy_annual_premium_groups_high':
policy_annual_premium_groups_high
0    847
1    153

Detail Kolom : 'policy_annual_premium_groups_low':
policy_annual_premium_groups_low
0    849
1    151

Detail Kolom : 'policy_annual_premium_groups_medium':
policy_annual_premium_groups_medium
1    693
0    307

Detail Kolom : 'policy_annual_premium_groups_very high':
policy_annual_premium_groups_very high
0    999
1      1

Detail Kolom : 'policy_annual_premium_groups_very low':
policy_annual_premium_groups_very low
0    998
1      2

